0.0
0.00017701896834561455
0.00035267958946737086
0.0005268833938057536
0.0006995447153727042
0.0008705901900657556
0.001039958111532349
0.0012075976842264257
0.001373468209815111
0.0015375382384876075
0.0016997847115826535
0.0018601921167518511
0.002018751671949903
0.002175460550104549
0.002330321152483959
0.002483340435585215
0.0026345292937981894
0.002783901998103494
0.0029314756895715147
0.0030772699253646878
0.0032213062742305347
0.0033636079580374903
0.003504199535686364
0.003643106625673653
0.0037803556636444523
0.003915973691416547
0.004049988174155159
0.00418242684260803
0.004313317557556788
0.0044426881938908576
0.004570566541956128
0.0046969802240665265
0.004821956624288692
0.004945522829816294
0.0050677055824398425
0.0051885312387903275
0.005308025738190756
0.0054262145770895475
0.005543122789174861
0.005658774930380177
0.005773195068090198
0.005886406773943432
0.005998433119704823
0.00610929667574958
0.006219019511758954
0.006327623199280911
0.006435128815854466
0.0065415569504365155
0.006646927709904999
0.006751260726442809
0.006854575165633645
0.006956889735124142
0.007058222693727073
0.007158591860857952
0.00725801462621282
0.007356507959608407
0.007454088420917404
0.00755077217004178
0.007646574976875831
0.007741512231218236
0.007835598952599018
0.007928849799993072
0.008021279081396764
0.008112900763248491
0.008203728479677758
0.00829377554157042
0.008383054945440666
0.008471579382102445
0.008559361245135268
0.008646412639140889
0.008732745387788898
0.008818371041650548
0.008903300885821105
0.008987545947331971
0.009071117002354549
0.009154024583198457
0.009236278985107147
0.009317890272854516
0.009398868287146313
0.009479222650830465
0.009558962774920703
0.00963809786443788
0.009716636924073664
0.009794588763681158
0.009871962003597261
0.009948765079801379
0.010025006248915226
0.01010069359304838
0.010175835024494182
0.010250438290280548
0.010324510976580152
0.010398060512984404
0.010471094176645483
0.01054361909629068
0.010615642256113094
0.010687170499542762
0.010758210532902055
0.010828768928949142
0.010898852130313254
0.010968466452825227
0.011037618088746896
0.011106313109902599
0.011174557470716122
0.011242357011156178
0.011309717459593534
0.011376644435572611
0.011443143452500587
0.011509219920256554
0.011574879147723578
0.011640126345246058
0.011704966627015027
0.011769405013383664
0.01183344643311538
0.01189709572556674
0.011960357642807303
0.012023236851678526
0.012085737935793685
0.012147865397480787
0.01220962365967031
0.012271017067729595
0.012332049891245589
0.012392726325757664
0.012453050494442092
0.012513026449749732
0.01257265817499847
0.0126319495859218
0.012690904532175033
0.012749526798800358
0.012807820107652211
0.012865788118784069
0.012923434431797958
0.012980762587157845
0.013037776067467999
0.013094478298717438
0.013150872651491527
0.013206962442151719
0.01326275093398442
0.013318241338319941
0.013373436815622416
0.013428340476551634
0.013482955382997546
0.013537284549088348
0.013591330942172906
0.013645097483778254
0.013698587050542997
0.01375180247512722
0.013804746547099702
0.013857422013803052
0.01390983158119737
0.013961977914683184
0.01401386363990414
0.014065491343530094
0.014116863574021166
0.014167982842373276
0.01421885162284575
0.014269472353671405
0.014319847437749755
0.014369979243323634
0.014419870104639883
0.014469522322594434
0.014518938165362236
0.014568119869012484
0.01461706963810955
0.014665789646299963
0.014714282036885904
0.014762548923385466
0.01481059239008018
0.014858414492550048
0.014906017258196427
0.014953402686753164
0.015000572750786223
0.015047529396182133
0.015094274542625566
0.015140810084066314
0.015187137889175967
0.015233259801794522
0.01527917764136725
0.015324893203371997
0.015370408259737236
0.015415724559251043
0.015460843827961325
0.015505767769567384
0.015550498065803206
0.015595036376812522
0.01563938434151596
0.015683543577970468
0.015727515683721133
0.0157713022361457
0.01581490479279187
0.015858324891707597
0.015901564051764586
0.015944623772975106
0.015987505536802303
0.016030210806464208
0.016072741027231524
0.01611509762671937
0.016157282015173198
0.01619929558574889
0.0162411397147873
0.01628281576208326
0.016324325071062438
0.016365668969379944
0.01640684876867409
0.016447865765141092
0.016488721239698644
0.01652941645822475
0.016569952671791868
0.01661033111689654
0.016650553015684577
0.01669061957617197
0.01673053199246154
0.016770291444955437
0.016809899100563675
0.016849356112908647
0.01688866362252584
0.016927822757060767
0.016966834631462188
0.017005700348171768
0.017044420997310218
0.01708299765685994
0.017121431392844354
0.01715972325950392
0.017197874299468938
0.017235885543929182
0.01727375801280047
0.01731149271488822
0.017349090648048043
0.017386552799343452
0.017423880145200757
0.017461073651561174
0.017498134274030266
0.017535062958024684
0.017571860638916362
0.01760852824217415
0.017645066683502974
0.017681476868980535
0.0177177596951917
0.01775391604936045
0.01778994680947965
0.017825852844438526
0.01786163501414795
0.017897294169663607
0.017932831153307044
0.017968246798784667
0.018003541931304694
0.018038717367692178
0.018073773916502067
0.018108712378130352
0.018143533544923398
0.018178238201285397
0.018212827123784095
0.018247301081254726
0.018281660834902243
0.018315907138401852
0.01835004073799795
0.01838406237260137
0.0184179727738851
0.01845177266637842
0.01848546276755952
0.018519043787946637
0.0185525164311877
0.018585881394148556
0.018619139366999764
0.018652291033302078
0.018685337070090444
0.018718278147956798
0.018751114931131466
0.018783848077563337
0.018816478238998745
0.018849006061059145
0.018881432183317535
0.01891375723937376
0.018945981856928584
0.01897810665785664
0.019010132258278262
0.01904205926863023
0.01907388829373538
0.019105619932871232
0.019137254779837475
0.019168793423022523
0.019200236445469008
0.01923158442493829
0.019262837933974028
0.01929399753996477
0.019325063805205617
0.01935603728695896
0.019386918537514335
0.01941770810424738
0.01944840652967791
0.019479014351527154
0.019509532102774146
0.01953996031171129
0.019570299501999122
0.019600550192720254
0.01963071289843256
0.019660788129221573
0.019690776390752143
0.019720678184319336
0.019750494006898628
0.019780224351195336
0.019809869705693393
0.019839430554703403
0.019868907378410006
0.01989830065291862
0.019927610850301446
0.019956838438642908
0.01998598388208441
0.02001504764086845
0.020044030171382184
0.020072931926200303
0.020101753354127394
0.02013049490023967
0.020159157005926104
0.020187740108929056
0.020216244643384302
0.020244671039860523
0.020273019725398272
0.020301291123548386
0.02032948565440986
0.020357603734667308
0.020385645777627765
0.020413612193257137
0.020441503388216067
0.020469319765895357
0.020497061726450945
0.02052472966683832
0.02055232398084662
0.020579845059132153
0.020607293289251545
0.020634669055694416
0.020661972739915678
0.020689204720367324
0.0207163653725299
0.02074345506894348
0.02077047417923829
0.020797423070164932
0.020824302105624193
0.020851111646696473
0.020877852051670878
0.02090452367607386
0.020931126872697565
0.02095766199162778
0.020984129380271534
0.021010529383384345
0.021036862343097127
0.021063128598942746
0.021089328487882253
0.021115462344330784
0.021141530500183133
0.021167533284839002
0.021193471025227933
0.021219344045833952
0.021245152668719878
0.02127089721355134
0.0212965779976205
0.021322195335869508
0.021347749540913587
0.021373240923063967
0.021398669790350378
0.021424036448543442
0.02144934120117662
0.021474584349568025
0.021499766192841913
0.021524887027949913
0.021549947149691995
0.021574946850737246
0.021599886421644295
0.021624766150881585
0.02164958632484736
0.021674347227889402
0.021699049142324595
0.021723692348458147
0.0217482771246027
0.02177280374709717
0.0217972724903253
0.021821683626734152
0.021846037426852174
0.02187033415930726
0.021894574090844443
0.021918757486343487
0.0219428846088362
0.02196695571952359
0.021990971077792826
0.02201493094123396
0.022038835565656514
0.022062685205105827
0.022086480111879227
0.022110220536542068
0.022133906727943492
0.02215753893323208
0.02218111739787133
0.022204642365654906
0.02222811407872175
0.022251532777571036
0.022274898701076913
0.022298212086503136
0.022321473169517485
0.022344682184206037
0.022367839363087307
0.022390944937042846
0.022413999135660927
0.022437002186760566
0.02245995431672804
0.02248285575045034
0.02250570671132837
0.022528507421289996
0.02255125810080299
0.022573958968887742
0.022596610243130012
0.022619212139693316
0.022641764873331346
0.022664268657400198
0.022686723703870464
0.02270913022333919
0.02273148842504173
0.02275379851686343
0.022776060705351257
0.022798275195725227
0.022820442191889754
0.022842561896444867
0.022864634510697302
0.022886660234671508
0.022908639267120473
0.022930571805536516
0.022952458046161906
0.02297429818399936
0.022996092412822494
0.023017840925186123
0.023039543912436462
0.023061201564721176
0.02308281407099942
0.023104381619051696
0.02312590439548963
0.02314738258576565
0.023168816374182586
0.023190205943903128
0.02321155147695922
0.02323285315426131
0.023254111155607632
0.023275325659693175
0.023296496844118816
0.02331762488540013
0.02333870995897628
0.0233597522392187
0.023380751899439802
0.02340170911190145
0.02342262404782351
0.023443496877392174
0.023464327769768322
0.02348511689309567
0.02350586441450897
0.02352657050014203
0.023547235315135685
0.023567859023645728
0.023588441788850688
0.023608983772959585
0.023629485137219592
0.02364994604192365
0.023670366646417928
0.023690747109109296
0.023711087262986236
0.023731387909908173
0.023751649216499318
0.02377187067751803
0.023792052774933955
0.02381219566167036
0.023832299489761264
0.023852364410358352
0.023872390573737787
0.02389237812930694
0.02391232722561107
0.023932238010339984
0.023952110630334533
0.023971945231593156
0.023991741959278272
0.024011500957722677
0.024031222370435833
0.02405090634011012
0.02407055300862706
0.024090162517063377
0.024109735005697144
0.02412927061401375
0.024148769480711898
0.024168231743709464
0.02418765754014939
0.02420704700640544
0.02422640027808797
0.024245717490049605
0.02426499877639084
0.02428424427046571
0.0243034541048872
0.024322628411532817
0.02434176732154998
0.024360870965361395
0.024379939472670406
0.02439897297246625
0.02441797159302931
0.024436935461936274
0.024455864706065294
0.024474759451601068
0.024493619824039872
0.024512445948194597
0.02453123794819962
0.02454999594751583
0.024568720068935367
0.024587410434586534
0.024606067165938522
0.024624690383806176
0.024643280208354636
0.024661836759104074
0.02468036015493419
0.024698850514088884
0.024717307954180687
0.024735732592195338
0.024754124544496145
0.024772483926828466
0.024790810854324014
0.024809105441505226
0.024827367802289533
0.02484559804999364
0.024863796297337697
0.02488196265644953
0.02490009723886874
0.024918200155550838
0.02493627151687129
0.02495431143262959
0.024972320012053222
0.02499029736380164
0.025008243595970196
0.025026158816094064
0.025044043131152043
0.02506189664757047
0.025079719471226926
0.02509751170745409
0.0251152734610434
0.025133004836248803
0.025150705936790377
0.02516837686585803
0.02518601772611504
0.025203628619701705
0.0252212096482388
0.025238760912831185
0.02525628251407122
0.025273774552042282
0.02529123712632211
0.025308670335986307
0.02532607427961163
0.025343449055279382
0.025360794760578675
0.025378111492609788
0.02539539934798734
0.025412658422843626
0.0254298888128317
0.02544709061312868
0.025464263918438784
0.02548140882299657
0.025498525420569913
0.025515613804463214
0.02553267406752032
0.025549706302127658
0.025566710600217153
0.02558368705326927
0.025600635752315908
0.02561755678794336
0.025634450250295197
0.025651316229075197
0.02566815481355012
0.025684966092552622
0.02570175015448398
0.02571850708731699
0.025735236978598607
0.025751939915452812
0.025768615984583205
0.02578526527227584
0.025801887864401758
0.0258184838464198
0.025835053303379076
0.025851596319921732
0.025868112980285417
0.025884603368305968
0.025901067567419837
0.025917505660666758
0.025933917730692126
0.02595030385974962
0.02596666412970354
0.0259829986220314
0.02599930741782622
0.02601559059779907
0.02603184824228135
0.02604808043122727
0.02606428724421614
0.02608046876045472
0.02609662505877956
0.026112756217659298
0.026128862315196934
0.026144943429132123
0.026160999636843367
0.026177031015350342
0.026193037641316006
0.02620901959104891
0.026224976940505268
0.02624090976529121
0.026256818140664856
0.026272702141538554
0.026288561842480844
0.02630439731771872
0.026320208641139577
0.026335995886293383
0.026351759126394633
0.026367498434324496
0.02638321388263272
0.02639890554353974
0.02641457348893858
0.02643021779039692
0.026445838519158958
0.026461435746147437
0.02647700954196553
0.02649255997689879
0.026508087120916988
0.026523591043676104
0.02653907181452009
0.026554529502482837
0.026569964176289908
0.026585375904360484
0.026600764754809082
0.02661613079544745
0.02663147409378628
0.026646794717037056
0.026662092732113743
0.026677368205634634
0.026692621203924
0.026707851793013878
0.026723060038645743
0.02673824600627226
0.02675340976105891
0.026768551367885737
0.02678367089134893
0.02679876839576258
0.026813843945160204
0.026828897603296483
0.026843929433648783
0.02685893949941886
0.026873927863534337
0.026888894588650403
0.02690383973715129
0.026918763371151917
0.02693366555249933
0.026948546342774368
0.026963405803293074
0.026978243995108297
0.02699306097901113
0.027007856815532458
0.02702263156494438
0.027037385287261774
0.02705211804224364
0.02706682988939467
0.027081520887966583
0.027096191096959658
0.027110840575124057
0.027125469380961317
0.02714007757272569
0.0271546652084256
0.027169232345824936
0.027183779042444522
0.027198305355563383
0.027212811342220204
0.027227297059214554
0.027241762563108323
0.027256207910226985
0.027270633156660954
0.027285038358266823
0.02729942357066877
0.02731378884925972
0.027328134249202753
0.02734245982543224
0.027356765632655232
0.02737105172535262
0.027385318157780433
0.027399564983971038
0.02741379225773441
0.02742800003265928
0.027442188362114452
0.027456357299249886
0.027470506896997992
0.027484637208074755
0.02749874828498093
0.02751284018000322
0.027526912945215445
0.027540966632479652
0.027555001293447325
0.02756901697956047
0.02758301374205278
0.02759699163195073
0.027610950700074726
0.027624890997040182
0.02763881257325864
0.02765271547893885
0.027666599764087883
0.02768046547851216
0.02769431267181858
0.027708141393415542
0.027721951692514037
0.027735743618128653
0.027749517219078673
0.02776327254398906
0.027777009641291525
0.027790728559225535
0.027804429345839328
0.027818112048990897
0.027831776716349087
0.02784542339539444
0.027859052133420326
0.027872662977533828
0.027886255974656805
0.027899831171526775
0.02791338861469794
0.0279269283505421
0.027940450425249664
0.027953954884830528
0.027967441775115058
0.02798091114175499
0.02799436303022441
0.028007797485820614
0.028021214553665064
0.028034614278704257
0.028047996705710693
0.0280613618792837
0.02807470984385038
0.028088040643666455
0.02810135432281719
0.02811465092521821
0.028127930494616434
0.028141193074590867
0.028154438708553556
0.02816766743975031
0.028180879311261686
0.028194074366003713
0.02820725264672882
0.028220414196026597
0.028233559056324672
0.028246687269889482
0.028259798878827142
0.028272893925084214
0.02828597245044854
0.02829903449654999
0.028312080104861356
0.028325109316699022
0.028338122173223852
0.028351118715441888
0.028364098984205197
0.028377063020212576
0.028390010864010374
0.028402942555993196
0.028415858136404737
0.028428757645338427
0.028441641122738292
0.028454508608399598
0.02846736014196966
0.02848019576294851
0.028493015510689713
0.02850581942440097
0.028518607543144982
0.02853137990584002
0.028544136551260754
0.028556877518038867
0.02856960284466384
0.028582312569483556
0.028595006730705107
0.028607685366395363
0.02862034851448176
0.028632996212752903
0.028645628498859294
0.02865824541031396
0.0286708469844932
0.028683433258637113
0.028696004269850417
0.02870856005510298
0.028721100651230555
0.028733626094935343
0.028746136422786762
0.028758631671221932
0.028771111876546462
0.028783577074934966
0.028796027302431762
0.028808462594951463
0.028820882988279638
0.028833288518073347
0.028845679219861878
0.028858055129047225
0.028870416280904823
0.02888276271058401
0.02889509445310878
0.02890741154337824
0.028919714016167317
0.02893200190612725
0.02894427524778626
0.028956534075550048
0.028968778423620837
0.02898100832632266
0.028993223817617337
0.029005424931426438
0.02901761170155192
0.02902978416167669
0.029041942345365144
0.029054086286063735
0.029066216017101548
0.02907833157169081
0.02909043298292745
0.029102520283791643
0.029114593507148366
0.029126652685747895
0.029138697852226385
0.029150729039106343
0.02916274627879721
0.029174749603595874
0.02918673904568714
0.02919871463714431
0.029210676409929685
0.029222624395895038
0.029234558626782165
0.029246479134223374
0.029258385949741984
0.02927027910475285
0.02928215863056281
0.02929402455837123
0.02930587691927048
0.029317715744246416
0.029329541064178843
0.029341352909842057
0.029353151311905284
0.029364936300933144
0.029376707907386168
0.029388466161621253
0.029400211093892126
0.029411942734349786
0.029423661113043037
0.029435366259918876
0.029447058204823004
0.029458736977500254
0.029470402607595054
0.029482055124651876
0.029493694558115686
0.029505320937332415
0.029516934291549335
0.029528534649915582
0.02954012204148253
0.02955169649520429
0.029563258039938062
0.02957480670444465
0.02958634251738884
0.029597865507339848
0.029609375702771716
0.029620873132063782
0.02963235782350106
0.029643829805274677
0.029655289105482284
0.02966673575212844
0.029678169773125082
0.029689591196291894
0.029701000049356704
0.029712396359955914
0.029723780155634885
0.029735151463848353
0.0297465103119608
0.02975785672724688
0.02976919073689178
0.029780512367991646
0.029791821647553937
0.02980311860249782
0.029814403259654586
0.029825675645767984
0.029836935787494648
0.029848183711404422
0.029859419443980784
0.029870643011621213
0.029881854440637522
0.029893053757256274
0.02990424098761913
0.02991541615778322
0.02992657929372149
0.029937730421323083
0.02994886956639372
0.02995999675465599
0.029971112011749776
0.029982215363232576
0.02999330683457986
0.030004386451185423
0.030015454238361744
0.030026510221340293
0.030037554425271944
0.03004858687522724
0.03005960759619681
0.03007061661309163
0.030081613950743453
0.03009259963390506
0.03010357368725064
0.030114536135376097
0.03012548700279942
0.03013642631396098
0.030147354093223847
0.030158270364874146
0.03016917515312137
0.03018006848209871
0.03019095037586333
0.030201820858396754
0.03021267995360513
0.030223527685319586
0.030234364077296495
0.03024518915321784
0.03025600293669148
0.030266805451251495
0.030277596720358468
0.030288376767399795
0.030299145615690005
0.030309903288471038
0.03032064980891256
0.030331385200112283
0.0303421094850962
0.030352822686818957
0.030363524505515885
0.03037421560745792
0.03038489569458151
0.030395564789558883
0.03040622324496773
0.030416870425210366
0.030427506680900135
0.03043813203443111
0.03044874650812856
0.030459350124249256
0.030469942904981766
0.030480524872446693
0.030491096048696972
0.03050165645571816
0.030512206115428687
0.030522745049680167
0.03053327328025759
0.030543790828879695
0.030554297717199162
0.030564793966802905
0.030575279599212343
0.030585754635883658
0.030596219098208078
0.030606673007512093
0.030617116385057753
0.030627549252042925
0.03063797162960155
0.03064838353880389
0.030658785000656767
0.03066917603610387
0.030679556666025946
